4
1111389
0
0
erase 8,1281,8032,524816,531968,1049100,1054208,1106860,1434636
new 6,0,369,384,769,8544,8814
new 2,8814,9838
new 2,9838,10862
new 2,10862,11886
new 2,11886,12910
new 2,12910,13934
new 2,13934,14958
new 2,14958,15982
new 2,15982,17006
new 2,17006,18030
new 2,18030,19054
new 2,19054,20078
new 2,20078,21102
new 2,21102,22126
new 2,22126,23150
new 2,23150,24174
new 2,24174,25198
new 2,25198,26222
new 2,26222,27246
new 2,27246,28270
new 2,28270,29294
new 2,29294,30318
new 2,30318,31342
new 2,31342,32366
new 4,32366,32770,33120,33740
new 2,33740,34764
new 2,34764,35788
new 2,35788,36812
new 2,36812,37836
new 2,37836,38860
new 2,38860,39884
new 2,39884,40908
new 2,40908,41932
new 2,41932,42956
new 2,42956,43980
new 2,43980,45004
new 2,45004,46028
new 2,46028,47052
new 2,47052,48076
new 2,48076,49100
new 2,49100,50124
new 2,50124,51148
new 2,51148,52172
new 2,52172,53196
new 2,53196,54220
new 2,54220,55244
new 2,55244,56268
new 2,56268,57292
new 2,57292,58316
new 2,58316,59340
new 2,59340,60364
new 2,60364,61388
new 2,61388,62412
new 2,62412,63436
new 2,63436,64460
new 2,64460,65484
new 2,65484,66508
new 2,66508,67532
new 2,67532,68556
new 2,68556,69580
new 2,69580,70604
new 2,70604,71628
new 2,71628,72652
new 2,72652,73676
new 2,73676,74700
new 2,74700,75724
new 2,75724,76748
new 2,76748,77772
new 2,77772,78796
new 2,78796,79820
new 2,79820,80844
new 2,80844,81868
new 2,81868,82892
new 2,82892,83916
new 2,83916,84940
new 2,84940,85964
new 2,85964,86988
new 2,86988,88012
new 2,88012,89036
new 2,89036,90060
new 2,90060,91084
new 2,91084,92108
new 2,92108,93132
new 2,93132,94156
new 2,94156,95180
new 2,95180,96204
new 2,96204,97228
new 2,97228,98252
new 4,98252,98306,98656,99626
new 2,99626,100650
new 2,100650,101674
new 2,101674,102698
new 2,102698,103722
new 2,103722,104746
new 2,104746,105770
new 2,105770,106794
new 2,106794,107818
new 2,107818,108842
new 2,108842,109866
new 2,109866,110890
new 2,110890,111914
new 2,111914,112938
new 2,112938,113962
new 2,113962,114986
new 2,114986,116010
new 2,116010,117034
new 2,117034,118058
new 2,118058,119082
new 2,119082,120106
new 2,120106,121130
new 2,121130,122154
new 2,122154,123178
new 2,123178,124202
new 2,124202,125226
new 2,125226,126250
new 2,126250,127274
new 2,127274,128298
new 2,128298,129322
new 2,129322,130346
new 2,130346,131370
new 2,131370,132394
new 2,132394,133418
new 2,133418,134442
new 2,134442,135466
new 2,135466,136490
new 2,136490,137514
new 2,137514,138538
new 2,138538,139562
new 2,139562,140586
new 2,140586,141610
new 2,141610,142634
new 2,142634,143658
new 2,143658,144682
new 2,144682,145706
new 2,145706,146730
new 2,146730,147754
new 2,147754,148778
new 2,148778,149802
new 2,149802,150826
new 2,150826,151850
new 2,151850,152874
new 2,152874,153898
new 2,153898,154922
new 2,154922,155946
new 2,155946,156970
new 2,156970,157994
new 2,157994,159018
new 2,159018,160042
new 2,160042,161066
new 2,161066,162090
new 2,162090,163114
new 4,163114,163842,164192,164488
new 2,164488,165512
new 2,165512,166536
new 2,166536,167560
new 2,167560,168584
new 2,168584,169608
new 2,169608,170632
new 2,170632,171656
new 2,171656,172680
new 2,172680,173704
new 2,173704,174728
new 2,174728,175752
new 2,175752,176776
new 2,176776,177800
new 2,177800,178824
new 2,178824,179848
new 2,179848,180872
new 2,180872,181896
new 2,181896,182920
new 2,182920,183944
new 2,183944,184968
new 2,184968,185992
new 2,185992,187016
new 2,187016,188040
new 2,188040,189064
new 2,189064,190088
new 2,190088,191112
new 2,191112,192136
new 2,192136,193160
new 2,193160,194184
new 2,194184,195208
new 2,195208,196232
new 2,196232,197256
new 2,197256,198280
new 2,198280,199304
new 2,199304,200328
new 2,200328,201352
new 2,201352,202376
new 2,202376,203400
new 2,203400,204424
new 2,204424,205448
new 2,205448,206472
new 2,206472,207496
new 2,207496,208520
new 2,208520,209544
new 2,209544,210568
new 2,210568,211592
new 2,211592,212616
new 2,212616,213640
new 2,213640,214664
new 2,214664,215688
new 2,215688,216712
new 2,216712,217736
new 2,217736,218760
new 2,218760,219784
new 2,219784,220808
new 2,220808,221832
new 2,221832,222856
new 2,222856,223880
new 2,223880,224904
new 2,224904,225928
new 2,225928,226952
new 2,226952,227976
new 2,227976,229000
new 4,229000,229378,229728,230374
new 2,230374,231398
new 2,231398,232422
new 2,232422,233446
new 2,233446,234470
new 2,234470,235494
new 2,235494,236518
new 2,236518,237542
new 2,237542,238566
new 2,238566,239590
new 2,239590,240614
new 2,240614,241638
new 2,241638,242662
new 2,242662,243686
new 2,243686,244710
new 2,244710,245734
new 2,245734,246758
new 2,246758,247782
new 2,247782,248806
new 2,248806,249830
new 2,249830,250854
new 2,250854,251878
new 2,251878,252902
new 2,252902,253926
new 2,253926,254950
new 2,254950,255974
new 2,255974,256998
new 2,256998,258022
new 2,258022,259046
new 2,259046,260070
new 2,260070,261094
new 2,261094,262118
new 2,262118,263142
new 2,263142,264166
new 2,264166,265190
new 2,265190,266214
new 2,266214,267238
new 2,267238,268262
new 2,268262,269286
new 2,269286,270310
new 2,270310,271334
new 2,271334,272358
new 2,272358,273382
new 2,273382,274406
new 2,274406,275430
new 2,275430,276454
new 2,276454,277478
new 2,277478,278502
new 2,278502,279526
new 2,279526,280550
new 2,280550,281574
new 2,281574,282598
new 2,282598,283622
new 2,283622,284646
new 2,284646,285670
new 2,285670,286694
new 2,286694,287718
new 2,287718,288742
new 2,288742,289766
new 2,289766,290790
new 2,290790,291814
new 2,291814,292838
new 2,292838,293862
new 2,293862,294886
new 4,294886,294914,295264,296260
new 2,296260,297284
new 2,297284,298308
new 2,298308,299332
new 2,299332,300356
new 2,300356,301380
new 2,301380,302404
new 2,302404,303428
new 2,303428,304452
new 2,304452,305476
new 2,305476,306500
new 2,306500,307524
new 2,307524,308548
new 2,308548,309572
new 2,309572,310596
new 2,310596,311620
new 2,311620,312644
new 2,312644,313668
new 2,313668,314692
new 2,314692,315716
new 2,315716,316740
new 2,316740,317764
new 2,317764,318788
new 2,318788,319812
new 2,319812,320836
new 2,320836,321860
new 2,321860,322884
new 2,322884,323908
new 2,323908,324932
new 2,324932,325956
new 2,325956,326980
new 2,326980,328004
new 2,328004,329028
new 2,329028,330052
new 2,330052,331076
new 2,331076,332100
new 2,332100,333124
new 2,333124,334148
new 2,334148,335172
new 2,335172,336196
new 2,336196,337220
new 2,337220,338244
new 2,338244,339268
new 2,339268,340292
new 2,340292,341316
new 2,341316,342340
new 2,342340,343364
new 2,343364,344388
new 2,344388,345412
new 2,345412,346436
new 2,346436,347460
new 2,347460,348484
new 2,348484,349508
new 2,349508,350532
new 2,350532,351556
new 2,351556,352580
new 2,352580,353604
new 2,353604,354628
new 2,354628,355652
new 2,355652,356676
new 2,356676,357700
new 2,357700,358724
new 2,358724,359748
new 2,359748,360772
new 2,360772,361796
new 2,361796,362820
new 2,362820,363844
new 2,363844,364868
new 2,364868,365892
new 2,365892,366916
new 2,366916,367940
new 2,367940,368964
new 2,368964,369988
new 2,369988,371012
new 2,371012,372036
new 2,372036,373060
new 2,373060,374084
new 2,374084,375108
new 2,375108,376132
new 2,376132,377156
new 2,377156,378180
new 2,378180,379204
new 2,379204,380228
new 2,380228,381252
new 2,381252,382276
new 2,382276,383300
new 2,383300,384324
new 2,384324,385348
new 2,385348,386372
new 2,386372,387396
new 2,387396,388420
new 2,388420,389444
new 2,389444,390468
new 2,390468,391492
new 2,391492,392516
new 2,392516,393540
new 2,393540,394564
new 2,394564,395588
new 2,395588,396612
new 2,396612,397636
new 2,397636,398660
new 2,398660,399684
new 2,399684,400708
new 2,400708,401732
new 2,401732,402756
new 2,402756,403780
new 2,403780,404804
new 2,404804,405828
new 2,405828,406852
new 2,406852,407876
new 2,407876,408900
new 2,408900,409924
new 2,409924,410948
new 2,410948,411972
new 2,411972,412996
new 2,412996,414020
new 2,414020,415044
new 2,415044,416068
new 2,416068,417092
new 2,417092,418116
new 2,418116,419140
new 2,419140,420164
new 2,420164,421188
new 2,421188,422212
new 2,422212,423236
new 2,423236,424260
new 2,424260,425284
new 2,425284,426308
new 2,426308,427332
new 2,427332,428356
new 2,428356,429380
new 2,429380,430404
new 2,430404,431428
new 2,431428,432452
new 2,432452,433476
new 2,433476,434500
new 2,434500,435524
new 2,435524,436548
new 2,436548,437572
new 2,437572,438596
new 2,438596,439620
new 2,439620,440644
new 2,440644,441668
new 2,441668,442692
new 2,442692,443716
new 2,443716,444740
new 2,444740,445764
new 2,445764,446788
new 2,446788,447812
new 2,447812,448836
new 2,448836,449860
new 2,449860,450884
new 2,450884,451908
new 2,451908,452932
new 2,452932,453956
new 2,453956,454980
new 2,454980,456004
new 2,456004,457028
new 2,457028,458052
new 2,458052,459076
new 2,459076,460100
new 2,460100,461124
new 2,461124,462148
new 2,462148,463172
new 2,463172,464196
new 2,464196,465220
new 2,465220,466244
new 2,466244,467268
new 2,467268,468292
new 2,468292,469316
new 2,469316,470340
new 2,470340,471364
new 2,471364,472388
new 2,472388,473412
new 2,473412,474436
new 2,474436,475460
new 2,475460,476484
new 2,476484,477508
new 2,477508,478532
new 2,478532,479556
new 2,479556,480580
new 2,480580,481604
new 2,481604,482628
new 2,482628,483652
new 2,483652,484676
new 2,484676,485700
new 2,485700,486724
new 2,486724,487748
new 2,487748,488772
new 2,488772,489796
new 2,489796,490820
new 2,490820,491844
new 2,491844,492868
new 2,492868,493892
new 2,493892,494916
new 2,494916,495940
new 2,495940,496964
new 2,496964,497988
new 2,497988,499012
new 2,499012,500036
new 2,500036,501060
new 2,501060,502084
new 2,502084,503108
new 2,503108,504132
new 2,504132,505156
new 2,505156,506180
new 2,506180,507204
new 2,507204,508228
new 2,508228,509252
new 2,509252,510276
new 2,510276,511300
new 2,511300,512324
new 2,512324,513348
new 2,513348,514372
new 2,514372,515396
new 2,515396,516420
new 2,516420,517444
new 2,517444,518468
new 2,518468,519492
new 2,519492,520516
new 2,520516,521540
new 2,521540,522564
new 2,522564,523588
new 4,523588,524304,532480,532788
new 2,532788,533812
new 2,533812,534836
new 2,534836,535860
new 2,535860,536884
new 2,536884,537908
new 2,537908,538932
new 2,538932,539956
new 2,539956,540980
new 2,540980,542004
new 2,542004,543028
new 2,543028,544052
new 2,544052,545076
new 2,545076,546100
new 2,546100,547124
new 2,547124,548148
new 2,548148,549172
new 2,549172,550196
new 2,550196,551220
new 2,551220,552244
new 2,552244,553268
new 2,553268,554292
new 2,554292,555316
new 2,555316,556340
new 2,556340,557364
new 2,557364,558388
new 2,558388,559412
new 2,559412,560436
new 2,560436,561460
new 2,561460,562484
new 2,562484,563508
new 2,563508,564532
new 2,564532,565556
new 2,565556,566580
new 2,566580,567604
new 2,567604,568628
new 2,568628,569652
new 2,569652,570676
new 2,570676,571700
new 2,571700,572724
new 2,572724,573748
new 2,573748,574772
new 2,574772,575796
new 2,575796,576820
new 2,576820,577844
new 2,577844,578868
new 2,578868,579892
new 2,579892,580916
new 2,580916,581940
new 2,581940,582964
new 2,582964,583988
new 2,583988,585012
new 2,585012,586036
new 2,586036,587060
new 2,587060,588084
new 2,588084,589108
new 2,589108,590132
new 2,590132,591156
new 2,591156,592180
new 2,592180,593204
new 2,593204,594228
new 2,594228,595252
new 2,595252,596276
new 2,596276,597300
new 2,597300,598324
new 2,598324,599348
new 2,599348,600372
new 2,600372,601396
new 2,601396,602420
new 2,602420,603444
new 2,603444,604468
new 2,604468,605492
new 2,605492,606516
new 2,606516,607540
new 2,607540,608564
new 2,608564,609588
new 2,609588,610612
new 2,610612,611636
new 2,611636,612660
new 2,612660,613684
new 2,613684,614708
new 2,614708,615732
new 2,615732,616756
new 2,616756,617780
new 2,617780,618804
new 2,618804,619828
new 2,619828,620852
new 2,620852,621876
new 2,621876,622900
new 2,622900,623924
new 2,623924,624948
new 2,624948,625972
new 2,625972,626996
new 2,626996,628020
new 2,628020,629044
new 2,629044,630068
new 2,630068,631092
new 2,631092,632116
new 2,632116,633140
new 2,633140,634164
new 2,634164,635188
new 2,635188,636212
new 2,636212,637236
new 2,637236,638260
new 2,638260,639284
new 2,639284,640308
new 2,640308,641332
new 2,641332,642356
new 2,642356,643380
new 2,643380,644404
new 2,644404,645428
new 2,645428,646452
new 2,646452,647476
new 2,647476,648500
new 2,648500,649524
new 2,649524,650548
new 2,650548,651572
new 2,651572,652596
new 2,652596,653620
new 2,653620,654644
new 2,654644,655668
new 2,655668,656692
new 2,656692,657716
new 2,657716,658740
new 2,658740,659764
new 2,659764,660788
new 2,660788,661812
new 2,661812,662836
new 2,662836,663860
new 2,663860,664884
new 2,664884,665908
new 2,665908,666932
new 2,666932,667956
new 2,667956,668980
new 2,668980,670004
new 2,670004,671028
new 2,671028,672052
new 2,672052,673076
new 2,673076,674100
new 2,674100,675124
new 2,675124,676148
new 2,676148,677172
new 2,677172,678196
new 2,678196,679220
new 2,679220,680244
new 2,680244,681268
new 2,681268,682292
new 2,682292,683316
new 2,683316,684340
new 2,684340,685364
new 2,685364,686388
new 2,686388,687412
new 2,687412,688436
new 2,688436,689460
new 2,689460,690484
new 2,690484,691508
new 2,691508,692532
new 2,692532,693556
new 2,693556,694580
new 2,694580,695604
new 2,695604,696628
new 2,696628,697652
new 2,697652,698676
new 2,698676,699700
new 2,699700,700724
new 2,700724,701748
new 2,701748,702772
new 2,702772,703796
new 2,703796,704820
new 2,704820,705844
new 2,705844,706868
new 2,706868,707892
new 2,707892,708916
new 2,708916,709940
new 2,709940,710964
new 2,710964,711988
new 2,711988,713012
new 2,713012,714036
new 2,714036,715060
new 2,715060,716084
new 2,716084,717108
new 2,717108,718132
new 2,718132,719156
new 2,719156,720180
new 2,720180,721204
new 2,721204,722228
new 2,722228,723252
new 2,723252,724276
new 2,724276,725300
new 2,725300,726324
new 2,726324,727348
new 2,727348,728372
new 2,728372,729396
new 2,729396,730420
new 2,730420,731444
new 2,731444,732468
new 2,732468,733492
new 2,733492,734516
new 2,734516,735540
new 2,735540,736564
new 2,736564,737588
new 2,737588,738612
new 2,738612,739636
new 2,739636,740660
new 2,740660,741684
new 2,741684,742708
new 2,742708,743732
new 2,743732,744756
new 2,744756,745780
new 2,745780,746804
new 2,746804,747828
new 2,747828,748852
new 2,748852,749876
new 2,749876,750900
new 2,750900,751924
new 2,751924,752948
new 2,752948,753972
new 2,753972,754996
new 2,754996,756020
new 2,756020,757044
new 2,757044,758068
new 2,758068,759092
new 2,759092,760116
new 2,760116,761140
new 2,761140,762164
new 2,762164,763188
new 2,763188,764212
new 2,764212,765236
new 2,765236,766260
new 2,766260,767284
new 2,767284,768308
new 2,768308,769332
new 2,769332,770356
new 2,770356,771380
new 2,771380,772404
new 2,772404,773428
new 2,773428,774452
new 2,774452,775476
new 2,775476,776500
new 2,776500,777524
new 2,777524,778548
new 2,778548,779572
new 2,779572,780596
new 2,780596,781620
new 2,781620,782644
new 2,782644,783668
new 2,783668,784692
new 2,784692,785716
new 2,785716,786740
new 2,786740,787764
new 2,787764,788788
new 2,788788,789812
new 2,789812,790836
new 2,790836,791860
new 2,791860,792884
new 2,792884,793908
new 2,793908,794932
new 2,794932,795956
new 2,795956,796980
new 2,796980,798004
new 2,798004,799028
new 2,799028,800052
new 2,800052,801076
new 2,801076,802100
new 2,802100,803124
new 2,803124,804148
new 2,804148,805172
new 2,805172,806196
new 2,806196,807220
new 2,807220,808244
new 2,808244,809268
new 2,809268,810292
new 2,810292,811316
new 2,811316,812340
new 2,812340,813364
new 2,813364,814388
new 2,814388,815412
new 2,815412,816436
new 2,816436,817460
new 2,817460,818484
new 4,818484,819202,819552,819858
new 2,819858,820882
new 2,820882,821906
new 2,821906,822930
new 2,822930,823954
new 2,823954,824978
new 2,824978,826002
new 2,826002,827026
new 2,827026,828050
new 2,828050,829074
new 2,829074,830098
new 2,830098,831122
new 2,831122,832146
new 2,832146,833170
new 2,833170,834194
new 2,834194,835218
new 2,835218,836242
new 2,836242,837266
new 2,837266,838290
new 2,838290,839314
new 2,839314,840338
new 2,840338,841362
new 2,841362,842386
new 2,842386,843410
new 2,843410,844434
new 2,844434,845458
new 2,845458,846482
new 2,846482,847506
new 2,847506,848530
new 2,848530,849554
new 2,849554,850578
new 2,850578,851602
new 2,851602,852626
new 2,852626,853650
new 2,853650,854674
new 2,854674,855698
new 2,855698,856722
new 2,856722,857746
new 2,857746,858770
new 2,858770,859794
new 2,859794,860818
new 2,860818,861842
new 2,861842,862866
new 2,862866,863890
new 2,863890,864914
new 2,864914,865938
new 2,865938,866962
new 2,866962,867986
new 2,867986,869010
new 2,869010,870034
new 2,870034,871058
new 2,871058,872082
new 2,872082,873106
new 2,873106,874130
new 2,874130,875154
new 2,875154,876178
new 2,876178,877202
new 2,877202,878226
new 2,878226,879250
new 2,879250,880274
new 2,880274,881298
new 2,881298,882322
new 2,882322,883346
new 2,883346,884370
new 4,884370,884738,885088,885744
new 2,885744,886768
new 2,886768,887792
new 2,887792,888816
new 2,888816,889840
new 2,889840,890864
new 2,890864,891888
new 2,891888,892912
new 2,892912,893936
new 2,893936,894960
new 2,894960,895984
new 2,895984,897008
new 2,897008,898032
new 2,898032,899056
new 2,899056,900080
new 2,900080,901104
new 2,901104,902128
new 2,902128,903152
new 2,903152,904176
new 2,904176,905200
new 2,905200,906224
new 2,906224,907248
new 2,907248,908272
new 2,908272,909296
new 2,909296,910320
new 2,910320,911344
new 2,911344,912368
new 2,912368,913392
new 2,913392,914416
new 2,914416,915440
new 2,915440,916464
new 2,916464,917488
new 2,917488,918512
new 2,918512,919536
new 2,919536,920560
new 2,920560,921584
new 2,921584,922608
new 2,922608,923632
new 2,923632,924656
new 2,924656,925680
new 2,925680,926704
new 2,926704,927728
new 2,927728,928752
new 2,928752,929776
new 2,929776,930800
new 2,930800,931824
new 2,931824,932848
new 2,932848,933872
new 2,933872,934896
new 2,934896,935920
new 2,935920,936944
new 2,936944,937968
new 2,937968,938992
new 2,938992,940016
new 2,940016,941040
new 2,941040,942064
new 2,942064,943088
new 2,943088,944112
new 2,944112,945136
new 2,945136,946160
new 2,946160,947184
new 2,947184,948208
new 2,948208,949232
new 2,949232,950256
new 2,950256,951280
new 2,951280,952304
new 2,952304,953328
new 2,953328,954352
new 2,954352,955376
new 2,955376,956400
new 2,956400,957424
new 2,957424,958448
new 2,958448,959472
new 2,959472,960496
new 2,960496,961520
new 2,961520,962544
new 2,962544,963568
new 2,963568,964592
new 2,964592,965616
new 2,965616,966640
new 2,966640,967664
new 2,967664,968688
new 2,968688,969712
new 2,969712,970736
new 2,970736,971760
new 2,971760,972784
new 2,972784,973808
new 2,973808,974832
new 2,974832,975856
new 2,975856,976880
new 2,976880,977904
new 2,977904,978928
new 2,978928,979952
new 2,979952,980976
new 2,980976,982000
new 2,982000,983024
new 2,983024,984048
new 2,984048,985072
new 2,985072,986096
new 2,986096,987120
new 2,987120,988144
new 2,988144,989168
new 2,989168,990192
new 2,990192,991216
new 2,991216,992240
new 2,992240,993264
new 2,993264,994288
new 2,994288,995312
new 2,995312,996336
new 2,996336,997360
new 2,997360,998384
new 2,998384,999408
new 2,999408,1000432
new 2,1000432,1001456
new 2,1001456,1002480
new 2,1002480,1003504
new 2,1003504,1004528
new 2,1004528,1005552
new 2,1005552,1006576
new 2,1006576,1007600
new 2,1007600,1008624
new 2,1008624,1009648
new 2,1009648,1010672
new 2,1010672,1011696
new 2,1011696,1012720
new 2,1012720,1013744
new 2,1013744,1014768
new 2,1014768,1015792
new 2,1015792,1016816
new 2,1016816,1017840
new 2,1017840,1018864
new 2,1018864,1019888
new 2,1019888,1020912
new 2,1020912,1021936
new 2,1021936,1022960
new 2,1022960,1023984
new 2,1023984,1025008
new 2,1025008,1026032
new 2,1026032,1027056
new 2,1027056,1028080
new 2,1028080,1029104
new 2,1029104,1030128
new 2,1030128,1031152
new 2,1031152,1032176
new 2,1032176,1033200
new 2,1033200,1034224
new 2,1034224,1035248
new 2,1035248,1036272
new 2,1036272,1037296
new 2,1037296,1038320
new 2,1038320,1039344
new 2,1039344,1040368
new 2,1040368,1041392
new 2,1041392,1042416
new 2,1042416,1043440
new 2,1043440,1044464
new 2,1044464,1045488
new 2,1045488,1046512
new 2,1046512,1047536
new 2,1047536,1048560
new 6,1048560,1048578,1048587,1048588,1054720,1055725
new 2,1055725,1056749
new 2,1056749,1057773
new 2,1057773,1058797
new 2,1058797,1059821
new 2,1059821,1060845
new 2,1060845,1061869
new 2,1061869,1062893
new 2,1062893,1063917
new 2,1063917,1064941
new 2,1064941,1065965
new 2,1065965,1066989
new 2,1066989,1068013
new 2,1068013,1069037
new 2,1069037,1070061
new 2,1070061,1071085
new 2,1071085,1072109
new 2,1072109,1073133
new 2,1073133,1074157
new 2,1074157,1075181
new 2,1075181,1076205
new 2,1076205,1077229
new 2,1077229,1078253
new 2,1078253,1079277
new 2,1079277,1080301
new 2,1080301,1081325
new 2,1081325,1082349
new 2,1082349,1083373
new 2,1083373,1084397
new 2,1084397,1085421
new 2,1085421,1086445
new 2,1086445,1087469
new 2,1087469,1088493
new 2,1088493,1089517
new 2,1089517,1090541
new 2,1090541,1091565
new 2,1091565,1092589
new 2,1092589,1093613
new 2,1093613,1094637
new 2,1094637,1095661
new 2,1095661,1096685
new 2,1096685,1097709
new 2,1097709,1098733
new 2,1098733,1099757
new 2,1099757,1100781
new 2,1100781,1101805
new 2,1101805,1102829
new 2,1102829,1103853
new 2,1103853,1104877
new 2,1104877,1105901
new 4,1105901,1106348,1435148,1435725
new 2,1435725,1436749
new 2,1436749,1437773
new 2,1437773,1438797
new 2,1438797,1439821
new 2,1439821,1440845
new 2,1440845,1441869
new 2,1441869,1442893
new 2,1442893,1443917
new 2,1443917,1444941
new 2,1444941,1445965
new 2,1445965,1446989
new 2,1446989,1448013
new 2,1448013,1449037
new 2,1449037,1450061
new 2,1450061,1451085
new 2,1451085,1452109
new 2,1452109,1453133
new 2,1453133,1454157
new 2,1454157,1455181
new 2,1455181,1456205
new 2,1456205,1457229
new 4,1457229,1457887,1458175,1458176
zero 6,369,384,769,1281,8032,8529
zero 8,8529,8544,32770,33120,98306,98656,163842,164151
zero 8,164151,164192,229378,229728,294914,295264,524304,524587
zero 6,524587,524816,531968,532480,819202,819485
zero 10,819485,819552,884738,885088,1048578,1048587,1048588,1049100,1054208,1054294
zero 6,1054294,1054720,1106348,1106860,1434636,1434722
zero 4,1434722,1435148,1457887,1458175
