4
293069
0
0
erase 8,847,7727,288058,294400,295426,523776,524802,579985
new 8,0,152,159,160,175,335,8239,8950
new 2,8950,9974
new 2,9974,10998
new 2,10998,12022
new 2,12022,13046
new 2,13046,14070
new 2,14070,15094
new 2,15094,16118
new 2,16118,17142
new 2,17142,18166
new 2,18166,19190
new 2,19190,20214
new 2,20214,21238
new 2,21238,22262
new 2,22262,23286
new 2,23286,24310
new 2,24310,25334
new 2,25334,26358
new 2,26358,27382
new 2,27382,28406
new 2,28406,29430
new 2,29430,30454
new 2,30454,31478
new 2,31478,32502
new 4,32502,32770,32911,33667
new 2,33667,34691
new 2,34691,35715
new 2,35715,36739
new 2,36739,37763
new 2,37763,38787
new 2,38787,39811
new 2,39811,40835
new 2,40835,41859
new 2,41859,42883
new 2,42883,43907
new 2,43907,44931
new 2,44931,45955
new 2,45955,46979
new 2,46979,48003
new 2,48003,49027
new 2,49027,50051
new 2,50051,51075
new 2,51075,52099
new 2,52099,53123
new 2,53123,54147
new 2,54147,55171
new 2,55171,56195
new 2,56195,57219
new 2,57219,58243
new 2,58243,59267
new 2,59267,60291
new 2,60291,61315
new 2,61315,62339
new 2,62339,63363
new 2,63363,64387
new 2,64387,65411
new 2,65411,66435
new 2,66435,67459
new 2,67459,68483
new 2,68483,69507
new 2,69507,70531
new 2,70531,71555
new 2,71555,72579
new 2,72579,73603
new 2,73603,74627
new 2,74627,75651
new 2,75651,76675
new 2,76675,77699
new 2,77699,78723
new 2,78723,79747
new 2,79747,80771
new 2,80771,81795
new 2,81795,82819
new 2,82819,83843
new 2,83843,84867
new 2,84867,85891
new 2,85891,86915
new 2,86915,87939
new 2,87939,88963
new 2,88963,89987
new 2,89987,91011
new 2,91011,92035
new 2,92035,93059
new 2,93059,94083
new 2,94083,95107
new 2,95107,96131
new 2,96131,97155
new 2,97155,98179
new 4,98179,98306,98447,99344
new 2,99344,100368
new 2,100368,101392
new 2,101392,102416
new 2,102416,103440
new 2,103440,104464
new 2,104464,105488
new 2,105488,106512
new 2,106512,107536
new 2,107536,108560
new 2,108560,109584
new 2,109584,110608
new 2,110608,111632
new 2,111632,112656
new 2,112656,113680
new 2,113680,114704
new 2,114704,115728
new 2,115728,116752
new 2,116752,117776
new 2,117776,118800
new 2,118800,119824
new 2,119824,120848
new 2,120848,121872
new 2,121872,122896
new 2,122896,123920
new 2,123920,124944
new 2,124944,125968
new 2,125968,126992
new 2,126992,128016
new 2,128016,129040
new 2,129040,130064
new 2,130064,131088
new 2,131088,132112
new 2,132112,133136
new 2,133136,134160
new 2,134160,135184
new 2,135184,136208
new 2,136208,137232
new 2,137232,138256
new 2,138256,139280
new 2,139280,140304
new 2,140304,141328
new 2,141328,142352
new 2,142352,143376
new 2,143376,144400
new 2,144400,145424
new 2,145424,146448
new 2,146448,147472
new 2,147472,148496
new 2,148496,149520
new 2,149520,150544
new 2,150544,151568
new 2,151568,152592
new 2,152592,153616
new 2,153616,154640
new 2,154640,155664
new 2,155664,156688
new 2,156688,157712
new 2,157712,158736
new 2,158736,159760
new 2,159760,160784
new 2,160784,161808
new 2,161808,162832
new 4,162832,163842,163983,163997
new 2,163997,165021
new 2,165021,166045
new 2,166045,167069
new 2,167069,168093
new 2,168093,169117
new 2,169117,170141
new 2,170141,171165
new 2,171165,172189
new 2,172189,173213
new 2,173213,174237
new 2,174237,175261
new 2,175261,176285
new 2,176285,177309
new 2,177309,178333
new 2,178333,179357
new 2,179357,180381
new 2,180381,181405
new 2,181405,182429
new 2,182429,183453
new 2,183453,184477
new 2,184477,185501
new 2,185501,186525
new 2,186525,187549
new 2,187549,188573
new 2,188573,189597
new 2,189597,190621
new 2,190621,191645
new 2,191645,192669
new 2,192669,193693
new 2,193693,194717
new 2,194717,195741
new 2,195741,196765
new 2,196765,197789
new 2,197789,198813
new 2,198813,199837
new 2,199837,200861
new 2,200861,201885
new 2,201885,202909
new 2,202909,203933
new 2,203933,204957
new 2,204957,205981
new 2,205981,207005
new 2,207005,208029
new 2,208029,209053
new 2,209053,210077
new 2,210077,211101
new 2,211101,212125
new 2,212125,213149
new 2,213149,214173
new 2,214173,215197
new 2,215197,216221
new 2,216221,217245
new 2,217245,218269
new 2,218269,219293
new 2,219293,220317
new 2,220317,221341
new 2,221341,222365
new 2,222365,223389
new 2,223389,224413
new 2,224413,225437
new 2,225437,226461
new 2,226461,227485
new 2,227485,228509
new 4,228509,229378,229519,229674
new 2,229674,230698
new 2,230698,231722
new 2,231722,232746
new 2,232746,233770
new 2,233770,234794
new 2,234794,235818
new 2,235818,236842
new 2,236842,237866
new 2,237866,238890
new 2,238890,239914
new 2,239914,240938
new 2,240938,241962
new 2,241962,242986
new 2,242986,244010
new 2,244010,245034
new 2,245034,246058
new 2,246058,247082
new 2,247082,248106
new 2,248106,249130
new 2,249130,250154
new 2,250154,251178
new 2,251178,252202
new 2,252202,253226
new 2,253226,254250
new 2,254250,255274
new 2,255274,256298
new 2,256298,257322
new 2,257322,258346
new 2,258346,259370
new 2,259370,260394
new 2,260394,261418
new 2,261418,262442
new 2,262442,263466
new 2,263466,264490
new 2,264490,265514
new 2,265514,266538
new 2,266538,267562
new 2,267562,268586
new 2,268586,269610
new 2,269610,270634
new 2,270634,271658
new 2,271658,272682
new 2,272682,273706
new 2,273706,274730
new 2,274730,275754
new 2,275754,276778
new 2,276778,277802
new 2,277802,278826
new 2,278826,279850
new 2,279850,280874
new 2,280874,281898
new 2,281898,282922
new 2,282922,283946
new 2,283946,284970
new 2,284970,285994
new 2,285994,287018
new 8,287018,287546,294912,294914,524288,524290,580497,580989
new 2,580989,582013
new 2,582013,583037
new 2,583037,584061
new 2,584061,585085
new 2,585085,586109
new 2,586109,587133
new 2,587133,588157
new 2,588157,589181
new 4,589181,589697,589823,589824
zero 8,152,159,160,175,335,847,7727,8217
zero 12,8217,8239,32770,32911,98306,98447,163842,163983,229378,229519,287546,287984
zero 6,287984,288058,294400,294912,294914,295352
zero 6,295352,295426,523776,524288,524290,524728
zero 6,524728,524802,579985,580497,589697,589823
